01111011110111011000
00100110011010111000
00101000010011000001
01110101100101110010
11010001101010100101
00101101001010001100
11110111001110110010
11011111001011111111
00011111111101111011
01111001001011101111
11010001111110010000
10100001000000001010
10111111010011111111
01011101101111010000
01010101011000011000
11010100111111110100
01010101011001111110
11110010101101010111
10100100011000000011
00101010010101001111
01011111111101111111
11011000100001100011
01000000011110011000
00100011111101111101
01001000001100110101
00000011111011001010
00111110010010101000
00010101001011110001
00010100001000100000
00001010010001011111
00001111100100010001
10001011110110000010
00001010111000100110
00000000000101010000
10000001111000010100
10111011101111010100
00111101110000101100
11010110101000100000
11011110010000100010
01101101111110101111
10111100111011110111
01011101100101111000
11101001011010010000
00111011000101101101
11010100100111100110
00101001000101011110
10001001101010101100
10010100001100101100
10000100011000001100
11101010101111011111
11111101100011111101
00000001111101001100
00110000010101000000
10010111001101010111
00101011010100000000
01011111001111001010
00010101001010010110
01011101111111101100
10010010111011010010
01100010011101000010
11110101111000011101
11011110110111100110
00000000001101000010
10111100011100101111
10000011110010101101
01110010100010100000
00100001100001110110
01010110000101110010
00001101011111111001
11010001101100101000
01101011010011101011
11011111100101110110
00000001010011101101
01100011111011101111
11110010111111000100
01111000010100111111
01011110110000101101
01000100001000100000
11110110101001011101
10010001110110011100
11010011001100110011
11011100010010011101
11001110111001000011
00001010101111000110
11011101101011110110
10100000111010001001
10101010101001110110
10101100101011011110
00110100101001100001
00100101110101100111
11001001110010110111
01000000010001100010
01101011011011101001
00111111011100110111
00011100100001010010
11000110101100010001
00100100000101100000
10010100001000010010
01011000001000000110
11010010111011110110
11111111001000100100
01000010111111010010
00101010100001100111
00101100010001010000
11011001101100001111
01100011001010010000
11101110110011001011
11101000011001101001
01001011100101111111
01000001100111010100
01110100011000101001
11110101100010101000
10111001010100010001
01000000100100010011
00101000100101010001
10100101011101111101
10111111110001001001
10010111000111100110
00110111000101101100
00111000011100011001
11010101001100101110
10110011101011011111
10011101100001101101
01101001011110010111
01001000001110000000
10111110010110010001
00101111000001100000
11010000100110110100
10100000100000001011
00010101001000100101
01111011101111010011
00000110010110011100
01001010111010100001
11011011010110010001
11001111101010000110
01000111100110110100
01101011000101110010
11010000001010010000
00110100101111101000
00010111110010100001
01100010011111011111
00011110001110100101
01100100011011000110
10101100111000111110
01011101101000100100
11100001111100101100
00000000010101110110
10110111000110001011
11110011010101101111
11000011000001111100
11110011100001001101
10100000100001001101
01110111100011100110
11011010101110011001
11101010111111101101
10111000100011011100
00100101001000110111
01010101001010100100
00111010000001111001
11100101111110111110
11110101100111101110
00110001010011011011
10000100101000100100
01110100011101111111
11000000101111100010
00011111011000011111
11111001000000110110
10001001100111011111
11101000111000001101
00000000100000100111
00001000110011100110
00110000100010100001
10100000110010010111
11111010000001010101
00001011110010011101
11000011101011011010
11101000011010101111
00001110100010010100
00010111010010101110
01011011111101111001
00111011000111011011
10011100110011011110
00110110101011110000
01011110010011101101
11010001111100111000
11111001111110101110
00011111100101110010
11101010111111011001
11110010000010101110
11000011101100000011
10110101001010001100
11011001100111011000
10101100101001111111
01110010111000111010
00110000100100011000
10110101001001100111
11110000000010000000
00001111001111001100
10101010101101010000
01110101110001110011
00111110010100101011
11110001000000111110
10001110001101011100
00101010001000101010
10100011011110101001
10111001111000110101
01010111110101110111
00100100100011010000
11111000001011001001
11000110011111010010
10111010010101101101
00101001001100011000
10101100010010001011
01100010000001110010
11011001111111111111
11010101011100101010
11101000001101100011
10011001100000000001
11110111100110000000
00111011110101010111
10111010001010110100
10001001010000000001
00000001100010000000
10001001100101110010
00101101110101100001
01100100100110000101
00001010101110010010
00000101101100100110
01001100011101010000
10110111010001111100
11010001010111100110
01100011110111010001
01011010101111011110
11000101001011011111
10011010011001010001
11011010101111100100
10101101011001100110
10111011101110101100
01011111010110100101
11010111001110000001
11010100101010000100
00110101000110100101
00101000010011110011
01100010000001000001
10010000001011100110
10000010010011101110
11000101110111011000
11100110110110010011
11111111101010011011
11100101110000110111
00010101001001011011
01110100010000100110
01001100011001000000
10010001110001110100
00100010101101000010
00101110111110101001
11100011100111000111
01001011111111110111
11111111110111100110
01000101101001000010
00100011001010101000
11111111000011110100
00110000010111111001
11110111100010011100
10010101010000100101
00110011000101110111
00010001100100110010
01011001100010010010
01101101000001110001
11001111111101101011
10011101001001101101
01101011010111001011
10011100001011100101
01111110011010110101
00100111000101000000
01000010111010110001
10001011011011101110
11011100101010101111
10010101110010010100
01111110010011011110
00010111000000000010
11011101000111110101
01001100011110111011
01000000101111010100
00001101000000010100
01000100010100000000
00111101001000111000
11001001000101010011
00001100100100011010
00010001101010101010
01001110010110001001
01000111110011000011
11100100001010110001
01101011000001010000
11101101110010101001
11101010101011011010
01000001000110000001
01101101111100111001
00101000010010001111
10101000100111011101
00111110010010011001
00001011010100011110
00101011111000001111
11101010111001011011
00111001111011101010
11101100111010110010
10000111000110101000
00001000010100100010
01011001000001110100
00000111000100010110
10011110101010001111
11101101111010000101
00011101110000101011
11100000001100000001
10010001011110111100
00011001010000100010
11001000101111000010
10110011010001000010
00111110011110010100
10000001101110010110
11100101000101111010
01001101111011100001
11100100101000000100
00011101111010110010
00010001100010001100
00010001000101001000
10101111010100001010
01110000110010100010
11110100101111101111
10010111101110110001
01111100010101110101
11000011111100001000
10101011000010110101
11010101110010101100
11001010010000111010
00010010010001001100
11100111011010000010
10101011011101010010
11010000010010001001
01001111001111000111
00000100000000100011
01001110010101010111
01101111101001001011
11010100000110100111
01000100100011111001
10001101011010100001
00101011011011011000
00100100010100011001
00101000010000010011
01001000110100010000
01000001111101110010
11011101101001011011
01001011110000101101
01111110111111101100
11101010110010001101
11011011111010110001
10110001001000110110
11100110000010000100
11000111101100110111
01010111000000101011
00000001000000100101
10111100101111001010
00001000001110000000
11101010010011111111
00000010100111100000
10001001001011001110
11100100101101010111
01010000000111000000
11111011011100110101
01011101110000111111
00010101001001111111
00011001011000001001
10011000001001100000
10111101101110001011
01111110111001101011
11001100101000110000
00011101010000001011
11000000100001000000
11110110011111101101
00111001000000100101
01011110010101110010
11111111100011010010
10011110010101110011
01000010111010000001
10111000011100010011
01100000000000000001
10001101011111100101
00100010011100011000
11010000101101000000
10011000110011101001
01110100000000101101
10000110011011010010
01110101100000010101
11111001111010111101
00110001010000001100
11010110101010100011
10010111101110011101
01100110010000010111
10111111100101010110
01000000011100001000
10011011001011100001
10000010110110100000
00101001101111011110
10100000101100000000
00101010000010000100
10101111001011001010
10010001001100010011
10110000111111011111
00110011011011010001
00000011101001111110
00000010001100011000
00000000001011100110
11110100000010101100
11111101100101100111
00111001111101111001
00110001011110111111
00110010101011010000
11001110010101010110
01010111001001100111
10101100011101011110
10100010010101010001
01100111100001100100
00100000011100000000
00001001111111101101
10001011111100011011
11011000000011110100
11101010111101011010
10110000010100101111
00001110000100010010
00110110101101001010
01111111011000101100
10100000000011010111
11100000001101001111
10101100000110100101
01000010011001100001
00010110000100011010
01110001100110010110
00000010001010011000
11000100101111011110
11101111110111101111
00110011000100100110
10010111000101101110
10111101011111101101
10101111110011110111
01010111010111000001
11111100111010101001
01000110101001000010
10101001011110001001
00001011000000011011
01010011010100110101
00011100000001000001
01100100000111000100
01001111010001111111
00001001101101100011
10010100101100100000
10001001100111100101
00111101010000000111
01000000011001010110
01110000000111011010
00111101011111111101
00100101000111011111
11100110111010001111
10111100111100111011
11101101011101011001
00100011010110101111
10100100001101001010
10110010111110111001
01001000001010010000
00101010000001010001
11101000101010000001
00101010010000001001
00000001010100000010
01000100100101010010
00000000010001001100
11001111100010011110
11111110101111100111
00100110010110010100
00101101111010001100
01001000001110100010
00000111101000100100
00011100001000101010
11100111101101011110
00001001000000001111
10000011000010010110
00101011000110111101
11011100011110111000
10000010011111000111
11101011111010001111
11001010001011000000
00101111010001001101
01001000100111110010
10011101101010000010
10001011100010001101
11110100011000100101
11110011101110100101
00011010001111111111
11011101000111010111
11111110111111011111
10100011110010110111
01111000011100111001
01011101011000000100
00110010001110100100
00100110000000010000
01100101111110001000
11010110110101110011
11000001001010110000
10011110011011101011
11111001110010011001
01101101011001100101
11101001111000010110
11111011011011111101
10010101110101000000
10001011001001111110
11011101001101101100
11101110011101011111
10000001111000000000
11111000101111101110
00011101010101101111
10111100101010100001
00010110011111100111
11111101001011101101
00001100001101101111
00010010100011001000
10111110001001001011
01100011111000101101
01010010100100011010
00000000011100011010
00111000111000111000
11011010010110001000
00100101000001001010
01000010010111000011
00010001001111110101
00111010110111110101
11111011101011011001
10001010100111010111
01010100101101011011
11000000010100101100
00000101101001001101
11110100010100100110
11111011111111101000
10001101010000100100
10010111101101010110
10111100111000101000
10111110011110011011
11101001111001001010
10001100001101011010
11100010101110000000
00110100000010001100
00101010111010001001
00010001010110110001
10000111100110100100
11101001111110101101
10111000011010011111
11010001110101001110
01111001010100111110
10011100001011100110
01100110101101110011
10110111101011000111
10110101100110111001
10001001111000000101
01110011101110010110
01010000101000010100
01010011010100101111
00011011011101111111
10010111010111110011
10111100111010011011
00111111011010000111
11001111111101011001
11010101101101010101
00010111000111110000
10000001010110011101
00011110111111111000
11100000100110110100
01001100010101111000
01011000001100011000
10101001100010000001
01110001001010001101
00101010010000010010
11000001111111111101
01100010100100001001
01110101000101100101
11101101101010110001
01111110000001100001
11110101011010100101
11110001101110010000
10001100110100101111
00111101010110101010
00101000111111011100
00011111001101100011
00000000000110100000
11001101111110010100
10010111111010001110
00101010010111100111
01101001000101101110
01100010010001011000
11001011101110111001
11111110100000101001
00000011001101011111
10011101100100111101
11111011010101010110
00110011010110100001
00011000000101010010
10010010100111110010
00001101101110101111
11010110000001010011
11101010110000011110
11011101001100011000
11100100000010011101
11001011111111110111
00100010000110000000
10101101110001101101
01111000010001101001
10011001111010001110
00101001111000001001
00010000101110100000
10110010011011000110
10000111000010000101
01010011100000100110
01010000010111001000
00101101010000000100
10000010000111111010
01100111100111101011
01001010101111101100
11100001101100110110
11011000101000000011
00100111001100111100
11010010000010010110
10000011000110010101
00001100110100011000
11000000110010000000
11000010011011010011
10010111110000000010
01101111110110011111
00101101010011000100
00010011011100101111
01000101100010010100
11111101000111101011
00100001110011110011
01000001011010101101
10101010000011110100
00101101100100111001
00101010010111001001
00110110010101101110
00000110110000001011
00010001010010101111
11001110011101110101
10001110100000001010
10000111110010011000
01101001001000001010
00010011011100110111
00111000010001000000
00101010111101001000
01000001110110010100
10110011111101111000
01000111010100110001
01010001000001000111
00011100011010110000
11011101001011110100
11000010000001010100
01000010100101010000
10010111011110101101
11101100111111000101
11111100010100011001
00001000010000101000
00010111001110001010
11100011111100010000
11000011110101000011
00011000110010100000
00111000101010111111
00110100101100000111
10111011101111110110
11011101000000011011
00010100110000100010
11000110011111010110
01000111001100100101
11101000011101010100
11000100101010101011
00011010110011101101
01010111111100010011
11000100111010010001
00111110010011000100
11111100101110101110
00001100010101010011
10000000001000000000
00100111000101110110
01111111000000111111
11011000110001101110
01111101011010101101
01011111110101111001
01010101111110000000
11101111101111011011
01110110010110100101
11001000101010001000
11000010100010010000
00101010010101011101
10111101011101111110
10011001010110000101
11001101010010111100
00100001000110011000
11110110111000010101
01101010111100111001
00110010011111001001
01111111010101101111
11111011011111000101
01100000111010010011
11101011110101100011
01000100001011011001
01110111110010001000
01001010000100011010
11011001101011101101
00000101001000000110
11001010101010010100
10111100001101100110
00111010110111110110
10000101111011101011
00010100000001001000
10011001101110011111
11000110101011100100
11111111101111011111
10110100100010100110
00001000101101001001
11100110001101001111
11011101111011010010
10010010110111111111
10101010000000110000
10000011101000010111
11111010111110110001
11101001011000111100
00011111000010010111
11101110011100001111
00111100001100011100
10010001100001000100
00001101000000101100
11000010011010001000
01001100011011100100
00001100010000101001
01111110101010110111
11100001110010000010
10011111100000100100
10010101101101111010
10111101111000110100
11101111111011101101
01100000110010011010
01101010010001010011
00001100100001001111
00011011000010110000
00010001010000000010
10110010010101111110
10010110100101010010
10001100010101101101
00010111010001101100
00011001010101100111
00100010010100011001
01010101101111010001
10101000010101110111
10101111000001100011
10101000001000011010
10000101101111010001
01000111101101000100
11100110011100010111
11101111111011100101
11011010101111110111
01000011011100111010
11010110001000010000
00100001000111101001
10001010011111011111
10010101000011100010
00000111101010010010
00000001101010010011
00011100111010111101
11110001111001101100
01011101111001101101
01110100010101000011
11000101111010100011
00011010010111000001
11010011101110101010
00011011000101010010
11000010111111011011
00110101010101011000
11000100001011011010
11100001010011111101
10011001101011010010
00101111010001111010
00110111001111100110
10110010100011110101
11000111111011011011
00001011010001000010
00011010010101111111
10110010110111000110
11110100111111010111
10001011101011111110
10100100000100000001
00101101010110111111
10010000111111100100
00111110000011100101
00101001000010011000
01000001101011010110
10110010101011010001
11011001101000110011
11000111011100001101
00011011111110011011
00001010010001011101
00111000010000001001
01010111110000000110
00010111011101101111
10100010111111011011
10010100011101000101
01111110111111110100
10001101011011111111
01100001101111011101
00110111010110110011
00101000110000000001
10110101000001011000
10100101001001101000
11000101001011010111
01100010110000001000
10100000001010000001
01110111101111100100
01001000000101001111
10101101001010100010
00101000010000110000
01110001001100110001
01100010001111100000
11011111101000101101
11101111000110011011
11000001010100101010
01011010101101000011
00101000110010001111
00000110100001011011
01101010000000110110
11101001010010011100
10110011100101111011
11011111000010110111
00100010000001100110
01000000110011000011
11010000111010011100
01011101011000110111
00100111011101010110
11001010111010001111
00110000000010110100
11000100100100010011
01111111110000111000
00011011110011110101
10001101011110101100
10000110111110011110
10011111101000110100
01111010010010001111
10110101011000001000
11111001101000100000
10111001110000101111
11001011100001011111
00001000110110010100
10010101101011011000
11011100101011010111
11110110111011011100
11110100110010000100
00101100010100011001
01111001111011010100
11000011000110010111
10011010111010110000
00100010010100010000
00111010110100111100
11000101101010011101
11000111000101110110
10001111010111010010
00001101000000000110
01101100011010101101
00010000010000001101
11100010111010001010
10000100101001111001
10110000011111010111
10011111111010000000
11010111001010101111
01101101111101011001
10101111010001010100
10101010101101000011
00101001111001111110
00111111110110001001
01100010101111111000
00101100001001100000
00111001010001101111
11111100111011110010
11011111100100110100
11101000111111001001
11100000011110101111
01101000010110001011
00010100101100010001
01110110000111101010
10101100110010010110
10000101010101100001
01011101010000001101
10000100011110110110
01010110000101110111
10000111011101100000
10110111011111101000
00110010010101100111
11101100100001000100
11010010111100001011
11011101110001110000
01111010101010111011
00001000011100011001
01001001111000001011
01111000010000001110
01111100110111011110
10011111100001110110
11010100011111011011
10010100000000000101
01100000010100010011
01001100100100000101
10111001100001000110
00100010110110011010
00000100001101110010
01011000000001011110
11111000101101100010
10111001110010001111
00100011010001111000
10110011011000101001
00000010101011010011
00110101110001111101
11110101101000100101
00110110110011101000
10010110010001001110
00001000011000101001
01011100110111101101
10110101011110001101
11000000000011000011
01010101101101000010
01111011011011101110
00111111010001111110
10110101101101010010
11011111101010011101
00110010001111110100
00110010110101010010
11000001100011000111
11100011100010100011
00010011000101000010
00010100100000111010
01111101010010011111
00101111010001011011
11000011000101111001
01011011101110111110
00001001000010100000
00101000010110110011
11011111111111011011
00010001001010010001
01100111010101110001
11011001101010100000
11111100000010001000
10000001011010100100
11010100000110111100
00001000100010001000
01101101111110101011
01101000010101000011
00110110010101001111
01000001000011001101
00011100110000100100
00001110001101110101
10011000101010100000
11000010101111001010
11011010111011100100
01111001101111001110
00110111111001100100
11111111010010111000
11010110000011100110
01100111100101010000
01011111101011010110
00110001010000111101
01011011001100011100
10000110000110110101
10111000000101111101
01000100100001110010
01000110011110101001
01010101010110001001
01110001111010101000
00101110110100001100
01001010101111011000
01010011101001111110
00101010101100010010
11010100111010100100
11010100101011010101
01010011101110111011
01111101101010100000
10101000111101111001
01111111010100011001
00100001000100101001
01001011010110111110
00110100100110111100
00110101001100000100
01101101111111011011
11010001001101100100
11001101001101000100
11100110111010101011
10110001111111101111
01010101010000111100
11001000111110001001
00000111100101110010
11111001110110101111
01101001110010001011
01100101000010101100
11011111110010100010
